return {
  gravity = { 0, 0, -9.81,},
  configuration = {
    axis_right = { 0, -1, 0,},
    axis_front = { 1, 0, 0,},
    axis_up = { 0, 0, 1,},
  },
  frames = {
    {
      parent = "ROOT",
      joint = {
        { 0, 0, 0, 1, 0, 0,},
        { 0, 0, 0, 0, 1, 0,},
        { 0, 0, 0, 0, 0, 1,},
        { 1, 0, 0, 0, 0, 0,},
        { 0, 1, 0, 0, 0, 0,},
        { 0, 0, 1, 0, 0, 0,},
      },
      name = "root_link",
      body = {
        inertia = {
          { 0, 0, 0,},
          { 0, 0, 0,},
          { 0, 0, 0,},
        },
        mass = 4.72,
        com = { 0, 0, 0,},
      },
    },
    {
      joint_frame = {
        E = {
          { -3.6731589033142e-06, 4.4983222937034e-22, -0.99999999999325,},
          { -2.6535897934425e-06, -0.99999999999648, 9.747056975143e-12,},
          { -0.99999999998973, 2.6535897934604e-06, 3.6731589033013e-06,},
        },
        r = { 0, -0.0681, -0.1199,},
      },
      name = "l_hip_1",
      joint = {
        { 0, -1, 0, 0, 0, 0,},
      },
      parent = "root_link",
      body = {
        inertia = {
          { 0.00447053, -2.2209e-05, 1.39712e-05,},
          { -2.2209e-05, 0.00325085, 4.77629e-05,},
          { 1.39712e-05, 4.77629e-05, 0.00490487,},
        },
        mass = 0.695,
        com = { 8.0431e-05, -0.00691643, -0.0023047,},
      },
    },
    {
      joint_frame = {
        E = {
          { -3.6731589033142e-06, 4.4983222937034e-22, 0.99999999999325,},
          { -2.6535897934425e-06, -0.99999999999648, -9.747056975143e-12,},
          { 0.99999999998973, -2.6535897934604e-06, 3.6731589033013e-06,},
        },
      },
      name = "l_hip_2",
      joint = {
        { 1, 0, 0, 0, 0, 0,},
      },
      parent = "l_hip_1",
      body = {
        inertia = {
          { 0.0253646, 1.2116e-06, 0.000491081,},
          { 1.2116e-06, 0.0272714, 1.15713e-05,},
          { 0.000491081, 1.15713e-05, 0.0041739,},
        },
        mass = 0.982,
        com = { 0.0010964, -3.13229e-05, 0.0598624,},
      },
    },
    {
      joint_frame = {
        E = {
          { 1, -6.12323e-17, 6.1629758220392e-33,},
          { -2.2491879684349e-22, -3.6732051033466e-06, -0.99999999999325,},
          { 6.1232299999587e-17, 0.99999999999325, -3.6732051033466e-06,},
        },
        r = { 0, -1.68519e-34, 0,},
      },
      name = "l_upper_leg",
      joint = {
        { 0, 1, 0, 0, 0, 0,},
      },
      parent = "l_hip_2",
      body = {
        inertia = {
          { 0.0454917, -0.000940971, 5.37405e-05,},
          { -0.000940971, 0.01004, 0.001203,},
          { 5.37405e-05, 0.001203, 0.0458255,},
        },
        mass = 1.522,
        com = { 0.0021968, -0.174502, 0.0013437,},
      },
    },
    {
      joint_frame = {
        E = {
          { -3.6732051033466e-06, 0.99999999999325, 0,},
          { 0.99999999998973, 3.6732051033336e-06, 2.6535897933527e-06,},
          { 2.6535897933348e-06, 9.7471795711316e-12, -0.99999999999648,},
        },
        r = { -0.0009175, -0.234545, -1.43617e-17,},
      },
      name = "l_lower_leg",
      joint = {
        { 0, 0, -1, 0, 0, 0,},
      },
      parent = "l_upper_leg",
      body = {
        inertia = {
          { 0.0154559, -0.0013903, -0.0039454,},
          { -0.0013903, 0.070277, 0.00071995,},
          { -0.0039454, 0.00071995, 0.0659645,},
        },
        mass = 2.032,
        com = { -0.0761044, -4.50091e-05, 0.0062408,},
      },
    },
    {
      joint_frame = {
        E = {
          { 1, 0, 0,},
          { 0, -3.6732051033466e-06, -0.99999999999325,},
          { 0, 0.99999999999325, -3.6732051033466e-06,},
        },
        r = { -0.2005, 0, 0,},
      },
      name = "l_ankle_1",
      joint = {
        { 0, -1, 0, 0, 0, 0,},
      },
      parent = "l_lower_leg",
      body = {
        inertia = {
          { 4.76593, 9.7426e-06, 2.68085e-05,},
          { 9.7426e-06, 0.0040935, -0.000353796,},
          { 2.68085e-05, -0.000353796, 0.0036688,},
        },
        mass = 0.643,
        com = { 2.65892e-05, -0.00082253, 0.0102574,},
      },
    },
    {
      joint_frame = {
        E = {
          { -3.6731589033142e-06, 4.4983222937034e-22, 0.99999999999325,},
          { 2.4492935982864e-16, 1, 4.4983222937034e-22,},
          { -0.99999999999325, 2.4492935982864e-16, -3.6731589033142e-06,},
        },
      },
      name = "l_ankle_2",
      joint = {
        { 1, 0, 0, 0, 0, 0,},
      },
      parent = "l_ankle_1",
      body = {
        inertia = {
          { 0.0018217038002291, -1.7942282640822e-06, 0.00069389606086319,},
          { -1.7942282640822e-06, 0.0034643955008301, -3.8790916372013e-06,},
          { 0.00069389606086319, -3.8790916372013e-06, 0.0021906706992185,},
        },
        mass = 0.861,
        com = { 0.013091116724739, -0.00042319169396051, 0.044912845644599,},
      },
    },
    {
      joint_frame = {
        E = {
          { -3.6731589033142e-06, -4.4983222937034e-22, -0.99999999999325,},
          { -2.4492935982864e-16, 1, 4.4983222937034e-22,},
          { 0.99999999999325, 2.4492935982864e-16, -3.6731589033142e-06,},
        },
        r = { 0, 0.0681, -0.1199,},
      },
      name = "r_hip_1",
      joint = {
        { 0, 1, 0, 0, 0, 0,},
      },
      parent = "root_link",
      body = {
        inertia = {
          { 0.00447053, -2.2209e-05, -1.39712e-05,},
          { -2.2209e-05, 0.00325085, -4.77629e-05,},
          { -1.39712e-05, -4.77629e-05, 0.00490487,},
        },
        mass = 0.695,
        com = { 8.0431e-05, -0.00691643, 0.0023047,},
      },
    },
    {
      joint_frame = {
        E = {
          { -3.6731589033142e-06, 4.4983222937034e-22, -0.99999999999325,},
          { 2.4492935982864e-16, 1, -4.4983222937034e-22,},
          { 0.99999999999325, -2.4492935982864e-16, -3.6731589033142e-06,},
        },
      },
      name = "r_hip_2",
      joint = {
        { -1, 0, 0, 0, 0, 0,},
      },
      parent = "r_hip_1",
      body = {
        inertia = {
          { 0.0253646, 1.2116e-06, 0.000491081,},
          { 1.2116e-06, 0.0272714, 1.15713e-05,},
          { 0.000491081, 1.15713e-05, 0.0041739,},
        },
        mass = 0.982,
        com = { 0.0010964, -3.13229e-05, 0.0598624,},
      },
    },
    {
      joint_frame = {
        E = {
          { 1, 6.12323e-17, 6.1629758220392e-33,},
          { 2.2491879685581e-22, -3.6732051033466e-06, -0.99999999999325,},
          { -6.1232299999587e-17, 0.99999999999325, -3.6732051033466e-06,},
        },
        r = { 0, 1.68519e-34, 0,},
      },
      name = "r_upper_leg",
      joint = {
        { 0, -1, 0, 0, 0, 0,},
      },
      parent = "r_hip_2",
      body = {
        inertia = {
          { 0.0454917, -0.000940971, -5.37405e-05,},
          { -0.000940971, 0.01004, -0.001203,},
          { -5.37405e-05, -0.001203, 0.0458255,},
        },
        mass = 1.522,
        com = { 0.0021968, -0.174502, -0.0013437,},
      },
    },
    {
      joint_frame = {
        E = {
          { -3.6732051033466e-06, 0.99999999999325, 0,},
          { 0.99999999998973, 3.6732051033336e-06, 2.6535897933527e-06,},
          { 2.6535897933348e-06, 9.7471795711316e-12, -0.99999999999648,},
        },
        r = { -0.0009175, -0.234545, 1.43617e-17,},
      },
      name = "r_lower_leg",
      joint = {
        { 0, 0, -1, 0, 0, 0,},
      },
      parent = "r_upper_leg",
      body = {
        inertia = {
          { 0.0154559, -0.0013903, 0.0039454,},
          { -0.0013903, 0.070277, -0.00071995,},
          { 0.0039454, -0.00071995, 0.0659645,},
        },
        mass = 2.032,
        com = { -0.0761044, -4.50091e-05, -0.0062408,},
      },
    },
    {
      joint_frame = {
        E = {
          { 1, 0, 0,},
          { 0, -3.6732051033466e-06, 0.99999999999325,},
          { 0, -0.99999999999325, -3.6732051033466e-06,},
        },
        r = { -0.2005, 0, 0,},
      },
      name = "r_ankle_1",
      joint = {
        { 0, 1, 0, 0, 0, 0,},
      },
      parent = "r_lower_leg",
      body = {
        inertia = {
          { 4.76593, 9.7426e-06, -2.68085e-05,},
          { 9.7426e-06, 0.0040935, 0.000353796,},
          { -2.68085e-05, 0.000353796, 0.0036688,},
        },
        mass = 0.643,
        com = { -2.65892e-05, -0.00082253, -0.0102574,},
      },
    },
    {
      joint_frame = {
        E = {
          { 3.2164431539574e-06, 1.7739881216005e-06, -0.99999999999325,},
          { 3.653577091034e-06, -0.99999999999175, -1.7739763700748e-06,},
          { -0.99999999998815, -3.6535713850427e-06, -3.2164496353332e-06,},
        },
      },
      name = "r_ankle_2",
      joint = {
        { -1, 0, 0, 0, 0, 0,},
      },
      parent = "r_ankle_1",
      body = {
        inertia = {
          { 0.0018217038002291, 1.7942282640822e-06, 0.00069389506086319,},
          { 1.7942282640822e-06, 0.0034643955008301, 3.8792656372013e-06,},
          { 0.00069389506086319, 3.8792656372013e-06, 0.0021906706992185,},
        },
        mass = 0.861,
        com = { 0.013091116724739, 0.00042319169396051, 0.044912845644599,},
      },
    },
    {
      joint_frame = {
        E = {
          { 3.6731589033013e-06, -9.747056975143e-12, 0.99999999999325,},
          { -2.6535897934604e-06, -0.99999999999648, 4.4983222937034e-22,},
          { 0.99999999998973, -2.6535897934425e-06, -3.6731589033142e-06,},
        },
      },
      name = "torso_1",
      joint = {
        { 0, 1, 0, 0, 0, 0,},
      },
      parent = "root_link",
      body = {
        inertia = {
          { 0.0004544, -4.263e-05, -3.889e-08,},
          { -4.263e-05, 0.001141, 0,},
          { -3.889e-08, 0, 0.001236,},
        },
        mass = 0,
        com = { 0, 0, 0,},
      },
    },
    {
      joint_frame = {
        E = {
          { -3.6732051033466e-06, -0.99999999999325, 0,},
          { -3.6732051033218e-06, 1.3492435731251e-11, 0.99999999999325,},
          { -0.99999999998651, 3.6732051033218e-06, -3.6732051033466e-06,},
        },
        r = { 0.032, -2.67276e-51, 0,},
      },
      name = "torso_2",
      joint = {
        { 0, 1, 0, 0, 0, 0,},
      },
      parent = "torso_1",
      body = {
        inertia = {
          { 0.0005308, -1.923e-06, 5.095e-05,},
          { -1.923e-06, 0.002031, -3.849e-07,},
          { 5.095e-05, -3.849e-07, 0.001803,},
        },
        mass = 0,
        com = { 0, 0, 0,},
      },
    },
    {
      joint_frame = {
        E = {
          { -3.6732051033466e-06, -0.99999999999325, 0,},
          { -3.6732051033218e-06, 1.3492435731251e-11, -0.99999999999325,},
          { 0.99999999998651, -3.6732051033218e-06, -3.6732051033466e-06,},
        },
        r = { -7.46298e-34, -0.0055, 0,},
      },
      name = "chest",
      joint = {
        { 0, -1, 0, 0, 0, 0,},
      },
      parent = "torso_2",
      body = {
        inertia = {
          { 0.34652252363439, 0.014614817161879, -5.7619988131569e-05,},
          { 0.014614817161879, 0.133043705046, 0.004564837650417,},
          { -5.7619988131569e-05, 0.004564837650417, 0.23841518685819,},
        },
        mass = 11.938,
        com = { 0.00026820871070527, 0.11092898694001, -2.6409863048992e-06,},
      },
    },
    {
      parent = "l_hip_2",
      joint_frame = {
        r = { 0, 0, 0.0665,},
      },
      name = "l_hip_3",
    },
    {
      parent = "l_ankle_2",
      joint_frame = {
        r = { -0.0035, 0, 0.0645,},
      },
      name = "l_foot",
    },
    {
      parent = "l_ankle_2",
      joint_frame = {
        E = {
          { 1, 0, 0,},
          { 0, -0.99999999999648, 2.6535897933527e-06,},
          { 0, -2.6535897933527e-06, -0.99999999999648,},
        },
        r = { -0.0035, -1.38778e-17, 0.0685,},
      },
      name = "codyco_balancing_world",
    },
    {
      parent = "l_ankle_2",
      joint_frame = {
        E = {
          { -3.6731589033142e-06, 4.4983222937034e-22, -0.99999999999325,},
          { 8.2615923489599e-28, 1, 4.4983222937034e-22,},
          { 0.99999999999325, 8.2615923489599e-28, -3.6731589033142e-06,},
        },
        r = { -0.0035, 0, 0.0685,},
      },
      name = "l_foot_dh_frame",
    },
    {
      parent = "l_ankle_2",
      joint_frame = {
        E = {
          { 1, 0, 0,},
          { 0, -0.99999999999648, 2.6535897933527e-06,},
          { 0, -2.6535897933527e-06, -0.99999999999648,},
        },
        r = { -0.0035, -1.38778e-17, 0.0685,},
      },
      name = "l_sole",
    },
    {
      parent = "r_hip_2",
      joint_frame = {
        r = { 0, 0, 0.0665,},
      },
      name = "r_hip_3",
    },
    {
      parent = "r_ankle_2",
      joint_frame = {
        r = { -0.0035, 4.28626e-19, 0.0645,},
      },
      name = "r_foot",
    },
    {
      parent = "r_ankle_2",
      joint_frame = {
        E = {
          { -3.6731589033142e-06, 4.4983222937034e-22, -0.99999999999325,},
          { 8.2615923489599e-28, 1, 4.4983222937034e-22,},
          { 0.99999999999325, 8.2615923489599e-28, -3.6731589033142e-06,},
        },
        r = { -0.0035, 4.28626e-19, 0.0685,},
      },
      name = "r_foot_dh_frame",
    },
    {
      parent = "r_ankle_2",
      joint_frame = {
        E = {
          { 1, 0, 0,},
          { 0, -0.99999999999648, 2.6535897933527e-06,},
          { 0, -2.6535897933527e-06, -0.99999999999648,},
        },
        r = { -0.0035, 1.4306426e-17, 0.0685,},
      },
      name = "r_sole",
    },
    {
      parent = "chest",
      joint_frame = {
        E = {
          { 1, 6.16298e-33, -5.77686e-66,},
          { -6.16298e-33, 1, -1.8747e-33,},
          { -5.776878606e-66, 1.8747e-33, 1,},
        },
        r = { 0.00231, 0.1933, -1.18362e-17,},
      },
      name = "chest_skin_frame",
    },
    {
      parent = "chest",
      joint_frame = {
        E = {
          { -3.6732051033466e-06, 0.99999999999325, 5.5511151231258e-17,},
          { -0.2588160883965, -9.5068457678626e-07, 0.96592661853074,},
          { 0.96592661852422, 3.548046584631e-06, 0.25881608839825,},
        },
        r = { 0.00525, 0.1433, -0.11026,},
      },
      name = "l_shoulder_1",
    },
    {
      parent = "chest",
      joint_frame = {
        E = {
          { 0.25881608840825, -2.722520526542e-06, -0.96592661852422,},
          { 0.96592661852771, -1.2515851870273e-07, 0.25881608840953,},
          { -8.2552605804428e-07, -0.99999999999629, 2.5973620078333e-06,},
        },
        r = { 0.00525, 0.1433, -0.11026,},
      },
      name = "l_shoulder_2",
    },
    {
      parent = "chest",
      joint_frame = {
        E = {
          { 0.99999999999966, -8.2552605801436e-07, 1.2588624587195e-11,},
          { -1.0444478615363e-11, 2.5973620077816e-06, 0.99999999999663,},
          { -8.2552605804428e-07, -0.99999999999629, 2.5973620077721e-06,},
        },
        r = { 0.00525, 0.1433, -0.11026,},
      },
      name = "l_shoulder_3",
    },
    {
      parent = "chest",
      joint_frame = {
        E = {
          { 0.99999999999966, -8.2552605801436e-07, 1.2588624587195e-11,},
          { -1.0444478615363e-11, 2.5973620077816e-06, 0.99999999999663,},
          { -8.2552605804428e-07, -0.99999999999629, 2.5973620077721e-06,},
        },
        r = { 0.020249943864223, 0.075299987617362, -0.11025982337919,},
      },
      name = "l_upper_arm",
    },
    {
      parent = "chest",
      joint_frame = {
        E = {
          { 0.99999999999966, -8.2552605801436e-07, 1.2588624587195e-11,},
          { -1.0444478615312e-11, 2.5973620078428e-06, 0.99999999999663,},
          { -8.2552605804428e-07, -0.99999999999629, 2.5973620078333e-06,},
        },
        r = { 0.020249874288887, -0.0089800123823253, -0.11025960447352,},
      },
      name = "l_elbow_1",
    },
    {
      parent = "chest",
      joint_frame = {
        E = {
          { -3.6731946588667e-06, -2.5973589754988e-06, -0.99999999998988,},
          { -4.4987311613592e-06, -0.99999999998651, 2.5973755002053e-06,},
          { -0.99999999998313, 4.4987407019795e-06, 3.6731829740414e-06,},
        },
        r = { 0.0052498742888919, -0.0089799999994344, -0.11025960447371,},
      },
      name = "l_forearm",
    },
    {
      parent = "chest",
      joint_frame = {
        E = {
          { -3.6731946588667e-06, -2.5973589754988e-06, -0.99999999998988,},
          { -4.4987311613592e-06, -0.99999999998651, 2.5973755002053e-06,},
          { -0.99999999998313, 4.4987407019795e-06, 3.6731829740414e-06,},
        },
        r = { 0.0052492566131034, -0.14627999999758, -0.11025924785406,},
      },
      name = "l_forearm_dh_frame",
    },
    {
      parent = "chest",
      joint_frame = {
        E = {
          { -4.4987176689315e-06, -0.99999999997022, 6.2705806034972e-06,},
          { -0.99999999998988, 4.4987176688812e-06, -2.2129232924865e-11,},
          { -6.0802947835916e-12, -6.2705806035333e-06, -0.99999999998034,},
        },
        r = { 0.0052492566131034, -0.14627999999758, -0.11025924785406,},
      },
      name = "l_wrist_1",
    },
    {
      parent = "chest",
      joint_frame = {
        E = {
          { -4.4987176689315e-06, -0.99999999997022, 6.2705806034972e-06,},
          { -0.99999999998988, 4.4987176688812e-06, -2.2129232924865e-11,},
          { -6.0802947835916e-12, -6.2705806035333e-06, -0.99999999998034,},
        },
        r = { 0.0052492566131034, -0.14627999999758, -0.11025924785406,},
      },
      name = "l_hand",
    },
    {
      parent = "chest",
      joint_frame = {
        E = {
          { -4.4987176689315e-06, -0.99999999997022, 6.2705806034972e-06,},
          { -0.99999999998988, 4.4987176688812e-06, -2.2129232924865e-11,},
          { -6.0802947835916e-12, -6.2705806035333e-06, -0.99999999998034,},
        },
        r = { 0.0052489754433464, -0.20877989966643, -0.094258855943084,},
      },
      name = "l_gripper",
    },
    {
      parent = "chest",
      joint_frame = {
        E = {
          { -4.4987176689315e-06, -0.99999999997022, 6.2705806034972e-06,},
          { -0.99999999998988, 4.4987176688812e-06, -2.2129232924865e-11,},
          { -6.0802947835916e-12, -6.2705806035333e-06, -0.99999999998034,},
        },
        r = { 0.0052489754433464, -0.20877989966643, -0.094258855943084,},
      },
      name = "l_hand_dh_frame",
    },
    {
      parent = "chest",
      joint_frame = {
        E = {
          { 0.99999999999966, -8.2552605801436e-07, 1.2588624587195e-11,},
          { 8.2552605807707e-07, 0.99999999998, -6.2705671110888e-06,},
          { -7.4121520859387e-12, 6.270567111097e-06, 0.99999999998034,},
        },
        r = { 0.020249874288887, -0.0089800123823253, -0.11025960447352,},
      },
      name = "l_upper_arm_dh_frame",
    },
    {
      parent = "chest",
      joint_frame = {
        E = {
          { -3.6732051033466e-06, 0.99999999999325, 0,},
          { 3.6732051033218e-06, 1.3492435731251e-11, 0.99999999999325,},
          { 0.99999999998651, 3.6732051033218e-06, -3.6732051033466e-06,},
        },
        r = { 0.00231, 0.1933, -1.18362e-17,},
      },
      name = "neck_1",
    },
    {
      parent = "chest",
      joint_frame = {
        E = {
          { -3.6731916108613e-06, -3.6732185957575e-06, -0.99999999998651,},
          { -0.99999999996627, -7.346410206594e-06, 3.6732185957575e-06,},
          { -7.3464236990298e-06, 0.99999999996627, -3.6731916108613e-06,},
        },
        r = { 0.0023099651045515, 0.20279999999994, -1.18362e-17,},
      },
      name = "neck_2",
    },
    {
      parent = "chest",
      joint_frame = {
        E = {
          { -0.99999999994603, -7.3463967140592e-06, 7.3464236990298e-06,},
          { 7.3463967141583e-06, -0.99999999997302, -1.3492386170605e-11,},
          { 7.3464236989306e-06, 4.0477356753524e-11, 0.99999999997301,},
        },
        r = { 0.0023099651045515, 0.20279999999994, -1.18362e-17,},
      },
      name = "head",
    },
    {
      parent = "chest",
      joint_frame = {
        E = {
          { -0.99999999994603, -7.3463967140592e-06, 7.3464236990298e-06,},
          { 7.3463967140592e-06, 3.6732455806042e-06, 0.99999999996627,},
          { -7.3464236990298e-06, 0.99999999996627, -3.6731916108613e-06,},
        },
        r = { -0.01619080038881, 0.31359986408887, 0.0066001359101553,},
      },
      name = "imu_frame",
    },
    {
      parent = "chest",
      joint_frame = {
        E = {
          { -3.6732051033466e-06, 0.99999999999325, -5.5511151231258e-17,},
          { -0.2588160883965, -9.5068457678626e-07, -0.96592661853074,},
          { -0.96592661852422, -3.548046584631e-06, 0.25881608839825,},
        },
        r = { 0.00525, 0.1433, 0.11026,},
      },
      name = "r_shoulder_1",
    },
    {
      parent = "chest",
      joint_frame = {
        E = {
          { 0.25881608840825, -2.722520526542e-06, 0.96592661852422,},
          { 0.96592661852771, -1.2515851870273e-07, -0.25881608840953,},
          { 8.2552605804428e-07, 0.99999999999629, 2.5973620078333e-06,},
        },
        r = { 0.00525, 0.1433, 0.11026,},
      },
      name = "r_shoulder_2",
    },
    {
      parent = "chest",
      joint_frame = {
        E = {
          { 0.99999999999966, -8.2552605801436e-07, -1.2588624587195e-11,},
          { 1.2635086137085e-11, 5.6227785509178e-08, 1,},
          { -8.2552605801365e-07, -0.99999999999966, 5.6227785519589e-08,},
        },
        r = { 0.00525, 0.1433, 0.11026,},
      },
      name = "r_shoulder_3",
    },
    {
      parent = "chest",
      joint_frame = {
        E = {
          { 0.99999999999966, -8.2552605801436e-07, -1.2588624587195e-11,},
          { 1.2635086137085e-11, 5.6227785509178e-08, 1,},
          { -8.2552605801365e-07, -0.99999999999966, 5.6227785519589e-08,},
        },
        r = { 0.020249943864223, 0.075299987617132, 0.1102600038233,},
      },
      name = "r_upper_arm",
    },
    {
      parent = "chest",
      joint_frame = {
        E = {
          { -0.99999999999614, 8.2552620721693e-07, 2.6536023819773e-06,},
          { 2.6536002378211e-06, -2.5973641984506e-06, 0.99999999999311,},
          { 8.2553309958307e-07, 0.99999999999629, 2.597362007824e-06,},
        },
        r = { 0.020249874288887, -0.0089800123828387, 0.11026000856218,},
      },
      name = "r_elbow_1",
    },
    {
      parent = "chest",
      joint_frame = {
        E = {
          { 1.0196048655292e-06, 2.597361166106e-06, -0.99999999999611,},
          { 4.4987382029209e-06, 0.99999999998651, 2.5973657530164e-06,},
          { 0.99999999998936, -4.4987408511902e-06, 1.0195931807116e-06,},
        },
        r = { 0.0052498742889447, -0.0089799999999456, 0.11026004836621,},
      },
      name = "r_forearm",
    },
    {
      parent = "chest",
      joint_frame = {
        E = {
          { 1.0196048655292e-06, 2.597361166106e-06, -0.99999999999611,},
          { 4.4987382029209e-06, 0.99999999998651, 2.5973657530164e-06,},
          { 0.99999999998936, -4.4987408511902e-06, 1.0195931807116e-06,},
        },
        r = { 0.0052492566121894, -0.14627999999809, 0.1102596917479,},
      },
      name = "r_forearm_dh_frame",
    },
    {
      parent = "chest",
      joint_frame = {
        E = {
          { 4.4987344576728e-06, 0.99999999997022, 6.2705708563311e-06,},
          { 0.99999999998636, -4.4987178180838e-06, -2.6536119225677e-06,},
          { -2.6535837130039e-06, 6.270582794141e-06, -0.99999999997682,},
        },
        r = { 0.0052492566121894, -0.14627999999809, 0.1102596917479,},
      },
      name = "r_wrist_1",
    },
    {
      parent = "chest",
      joint_frame = {
        E = {
          { -1.8451446643404e-06, -0.99999999997864, -6.2705778979066e-06,},
          { -0.99999999999478, 1.8451280247942e-06, 2.6535952830356e-06,},
          { -2.6535837130039e-06, 6.270582794141e-06, -0.99999999997682,},
        },
        r = { 0.0052492566121894, -0.14627999999809, 0.1102596917479,},
      },
      name = "r_hand",
    },
    {
      parent = "chest",
      joint_frame = {
        E = {
          { -1.8451446643404e-06, -0.99999999997864, -6.2705778979066e-06,},
          { -0.99999999999478, 1.8451280247942e-06, 2.6535952830356e-06,},
          { -2.6535837130039e-06, 6.270582794141e-06, -0.99999999997682,},
        },
        r = { 0.0052490988333085, -0.20877989966743, 0.094259299837148,},
      },
      name = "r_gripper",
    },
    {
      parent = "chest",
      joint_frame = {
        E = {
          { -1.8451446643404e-06, -0.99999999997864, -6.2705778979066e-06,},
          { -0.99999999999478, 1.8451280247942e-06, 2.6535952830356e-06,},
          { -2.6535837130039e-06, 6.270582794141e-06, -0.99999999997682,},
        },
        r = { 0.0052490988333085, -0.20877989966743, 0.094259299837148,},
      },
      name = "r_hand_dh_frame",
    },
    {
      parent = "chest",
      joint_frame = {
        E = {
          { -0.99999999999614, 8.2552620721693e-07, 2.6536023819773e-06,},
          { -8.255163107821e-07, -0.9999999999927, 3.7294328888528e-06,},
          { 2.6536054607466e-06, 3.7294306982464e-06, 0.99999999998952,},
        },
        r = { 0.020249874288887, -0.0089800123828387, 0.11026000856218,},
      },
      name = "r_upper_arm_dh_frame",
    },
    {
      parent = "chest",
      joint_frame = {
        r = { 0.00231, 0.1933, -1.18362e-17,},
      },
      name = "torso",
    },
  },
}
